region	layer	chamber	VFAT	reason_mask
P	1	5	0	1
P	1	5	1	1
P	1	5	2	1
P	1	5	3	1
P	1	5	4	1
P	1	5	5	1
P	1	5	6	1
P	1	5	8	1
P	1	5	16	1
P	1	14	0	1
P	1	14	1	1
P	1	14	2	1
P	1	14	3	1
P	1	14	4	1
P	1	14	5	1
P	1	14	6	1
P	1	14	8	1
P	1	14	9	1
P	1	14	10	1
P	1	14	11	1
P	1	14	16	1
P	1	14	17	1
P	1	14	18	1
P	1	14	19	1
P	1	14	20	1
P	1	14	21	1
P	1	14	22	1
P	1	17	8	1
P	1	26	5	1
P	1	26	7	1
P	1	26	14	1
P	1	26	15	1
P	1	28	4	1
P	1	28	23	1
P	1	32	0	1
P	1	32	1	1
P	1	32	2	1
P	1	32	3	1
P	1	32	4	1
P	1	32	5	1
P	1	32	6	1
P	1	32	7	1
P	1	32	8	1
P	1	32	9	1
P	1	32	10	1
P	1	32	11	1
P	1	32	12	1
P	1	32	13	1
P	1	32	14	1
P	1	32	15	1
P	1	32	16	1
P	1	32	17	1
P	1	32	18	1
P	1	32	19	1
P	1	32	20	1
P	1	32	21	1
P	1	32	22	1
P	1	32	23	1
P	1	33	9	1
P	1	33	10	1
P	1	33	11	1
P	1	33	17	1
P	1	33	18	1
P	1	33	19	1
P	1	33	20	1
P	1	33	21	1
P	1	33	22	1
P	2	3	9	1
P	2	3	10	1
P	2	3	11	1
P	2	3	17	1
P	2	3	18	1
P	2	3	19	1
P	2	3	20	1
P	2	3	21	1
P	2	3	22	1
P	2	9	23	1
P	2	15	21	1
P	2	18	0	1
P	2	18	1	1
P	2	18	2	1
P	2	18	3	1
P	2	18	4	1
P	2	18	5	1
P	2	18	6	1
P	2	18	7	1
P	2	18	8	1
P	2	18	9	1
P	2	18	10	1
P	2	18	11	1
P	2	18	12	1
P	2	18	13	1
P	2	18	14	1
P	2	18	15	1
P	2	18	16	1
P	2	18	17	1
P	2	18	18	1
P	2	18	19	1
P	2	18	20	1
P	2	18	21	1
P	2	18	22	1
P	2	18	23	1
P	2	20	0	1
P	2	20	1	1
P	2	20	2	1
P	2	20	3	1
P	2	20	4	1
P	2	20	5	1
P	2	20	6	1
P	2	20	8	1
P	2	20	16	1
P	2	21	17	1
P	2	21	18	1
P	2	28	2	1
P	2	28	21	1
P	2	31	9	1
P	2	31	10	1
P	2	31	11	1
P	2	31	17	1
P	2	31	18	1
P	2	31	19	1
P	2	31	20	1
P	2	31	21	1
P	2	31	22	1
P	2	33	0	1
P	2	33	1	1
P	2	33	2	1
P	2	33	3	1
P	2	33	4	1
P	2	33	5	1
P	2	33	6	1
P	2	33	7	1
P	2	33	8	1
P	2	33	9	1
P	2	33	10	1
P	2	33	11	1
P	2	33	12	1
P	2	33	13	1
P	2	33	14	1
P	2	33	15	1
P	2	33	16	1
P	2	33	17	1
P	2	33	18	1
P	2	33	19	1
P	2	33	20	1
P	2	33	21	1
P	2	33	22	1
P	2	33	23	1
P	2	36	22	1
M	1	12	0	1
M	1	12	1	1
M	1	12	2	1
M	1	12	3	1
M	1	12	4	1
M	1	12	5	1
M	1	12	6	1
M	1	12	8	1
M	1	12	16	1
M	1	15	0	1
M	1	15	1	1
M	1	15	2	1
M	1	15	3	1
M	1	15	4	1
M	1	15	5	1
M	1	15	6	1
M	1	15	7	1
M	1	15	8	1
M	1	15	9	1
M	1	15	10	1
M	1	15	11	1
M	1	15	12	1
M	1	15	13	1
M	1	15	14	1
M	1	15	15	1
M	1	15	16	1
M	1	15	17	1
M	1	15	18	1
M	1	15	19	1
M	1	15	20	1
M	1	15	21	1
M	1	15	22	1
M	1	15	23	1
M	1	17	0	1
M	1	17	1	1
M	1	17	2	1
M	1	17	3	1
M	1	17	4	1
M	1	17	5	1
M	1	17	6	1
M	1	17	7	1
M	1	17	8	1
M	1	17	9	1
M	1	17	10	1
M	1	17	11	1
M	1	17	12	1
M	1	17	13	1
M	1	17	14	1
M	1	17	15	1
M	1	17	16	1
M	1	17	17	1
M	1	17	18	1
M	1	17	19	1
M	1	17	20	1
M	1	17	21	1
M	1	17	22	1
M	1	17	23	1
M	1	21	23	1
M	1	22	8	1
M	1	24	20	1
M	1	36	7	1
M	2	2	0	1
M	2	2	1	1
M	2	2	2	1
M	2	2	3	1
M	2	2	4	1
M	2	2	5	1
M	2	2	6	1
M	2	2	8	1
M	2	2	16	1
M	2	3	4	1
M	2	3	9	1
M	2	3	10	1
M	2	3	11	1
M	2	3	17	1
M	2	3	18	1
M	2	3	19	1
M	2	3	20	1
M	2	3	21	1
M	2	3	22	1
M	2	5	0	1
M	2	5	1	1
M	2	5	2	1
M	2	5	3	1
M	2	5	4	1
M	2	5	5	1
M	2	5	6	1
M	2	5	7	1
M	2	5	8	1
M	2	5	9	1
M	2	5	10	1
M	2	5	11	1
M	2	5	12	1
M	2	5	13	1
M	2	5	14	1
M	2	5	15	1
M	2	5	16	1
M	2	5	17	1
M	2	5	18	1
M	2	5	19	1
M	2	5	20	1
M	2	5	21	1
M	2	5	22	1
M	2	5	23	1
M	2	10	9	1
M	2	10	10	1
M	2	10	11	1
M	2	10	17	1
M	2	10	18	1
M	2	10	19	1
M	2	10	20	1
M	2	10	21	1
M	2	10	22	1
M	2	20	8	1
M	2	20	20	1
M	2	20	21	1
M	2	20	22	1
M	2	20	23	1
M	2	25	0	1
M	2	25	1	1
M	2	25	2	1
M	2	25	3	1
M	2	25	4	1
M	2	25	5	1
M	2	25	6	1
M	2	25	7	1
M	2	25	8	1
M	2	25	9	1
M	2	25	10	1
M	2	25	11	1
M	2	25	12	1
M	2	25	13	1
M	2	25	14	1
M	2	25	15	1
M	2	25	16	1
M	2	25	17	1
M	2	25	18	1
M	2	25	19	1
M	2	25	20	1
M	2	25	21	1
M	2	25	22	1
M	2	25	23	1
M	2	29	0	1
M	2	29	1	1
M	2	29	2	1
M	2	29	3	1
M	2	29	4	1
M	2	29	5	1
M	2	29	6	1
M	2	29	8	1
M	2	29	9	1
M	2	29	10	1
M	2	29	11	1
M	2	29	16	1
M	2	29	17	1
M	2	29	18	1
M	2	29	19	1
M	2	29	20	1
M	2	29	21	1
M	2	29	22	1
M	2	32	1	1
M	2	32	4	1
M	2	32	8	1
