region	layer	chamber	VFAT	reason_mask
N	1	20	23	2
N	1	27	4	2
N	1	29	9	1
N	1	29	10	1
N	1	29	11	1
N	1	29	17	1
N	1	29	18	1
N	1	29	19	1
N	1	29	20	1
N	1	29	21	1
N	1	29	22	1
N	1	30	1	2
N	1	36	7	1
N	2	3	4	2
N	2	8	5	2
N	2	29	0	1
N	2	29	1	1
N	2	29	2	1
N	2	29	3	1
N	2	29	4	1
N	2	29	5	1
N	2	29	6	1
N	2	29	8	1
N	2	29	16	1
P	1	7	13	1
P	1	7	14	1
P	1	7	15	1
P	1	14	10	1
P	1	14	11	1
P	1	14	12	1
P	1	14	13	1
P	1	14	14	1
P	1	14	15	1
P	1	14	17	1
P	1	14	18	1
P	1	14	19	1
P	1	14	20	1
P	1	14	21	1
P	1	14	22	1
P	1	21	10	1
P	1	21	11	1
P	1	21	17	1
P	1	21	18	1
P	1	21	19	1
P	1	21	20	1
P	1	21	21	1
P	1	21	22	1
P	1	28	4	2
P	2	7	4	2
P	2	11	2	1
P	2	21	17	2