region	layer	chamber	VFAT	reason_mask
M	1	1	3	2
M	1	1	11	2
M	1	2	16	2
M	1	2	22	2
M	1	2	23	2
M	1	3	3	2
M	1	4	7	2
M	1	4	22	2
M	1	5	22	2
M	1	7	6	2
M	1	7	11	2
M	1	8	16	2
M	1	9	7	2
M	1	10	20	2
M	1	11	3	2
M	1	12	6	2
M	1	13	11	2
M	1	14	7	2
M	1	15	11	2
M	1	15	14	2
M	1	16	14	2
M	1	17	22	2
M	1	18	6	2
M	1	18	23	2
M	1	19	3	2
M	1	20	6	2
M	1	20	17	2
M	1	21	15	2
M	1	22	0	1
M	1	22	1	1
M	1	22	2	1
M	1	22	3	1
M	1	22	4	1
M	1	22	5	1
M	1	22	6	1
M	1	22	8	1
M	1	22	16	1
M	1	22	22	2
M	1	23	12	2
M	1	24	20	1
M	1	25	7	2
M	1	26	22	2
M	1	27	11	2
M	1	27	12	2
M	1	28	6	2
M	1	30	22	2
M	1	31	11	2
M	1	31	13	2
M	1	32	6	2
M	1	32	22	2
M	1	33	7	2
M	1	33	18	2
M	1	34	22	2
M	1	35	3	2
M	1	35	19	2
M	1	36	7	1
M	1	36	15	2
M	1	36	23	2
M	2	1	11	2
M	2	2	0	2
M	2	2	17	2
M	2	3	4	1
M	2	4	22	2
M	2	5	12	2
M	2	6	1	2
M	2	6	6	2
M	2	7	6	2
M	2	8	7	2
M	2	9	11	2
M	2	10	7	2
M	2	11	0	2
M	2	12	0	2
M	2	12	6	2
M	2	13	11	2
M	2	14	9	1
M	2	14	10	1
M	2	14	11	1
M	2	14	17	1
M	2	14	18	1
M	2	14	19	1
M	2	14	20	1
M	2	14	21	1
M	2	14	22	1
M	2	14	7	2
M	2	15	11	2
M	2	16	17	2
M	2	17	12	2
M	2	19	11	2
M	2	23	3	2
M	2	23	11	2
M	2	24	15	2
M	2	25	6	2
M	2	26	14	2
M	2	26	21	2
M	2	27	11	2
M	2	28	14	2
M	2	28	23	2
M	2	29	11	2
M	2	29	12	2
M	2	30	23	2
M	2	31	13	2
M	2	32	2	1
M	2	32	3	1
M	2	32	4	1
M	2	32	16	1
M	2	32	22	2
M	2	33	7	2
M	2	33	15	2
M	2	34	14	2
M	2	34	15	2
M	2	35	14	2
M	2	36	6	2
P	1	1	11	2
P	1	2	0	1
P	1	2	1	1
P	1	2	2	1
P	1	2	3	1
P	1	2	4	1
P	1	2	5	1
P	1	2	6	1
P	1	2	7	1
P	1	2	8	1
P	1	2	9	1
P	1	2	10	1
P	1	2	11	1
P	1	2	12	1
P	1	2	13	1
P	1	2	14	1
P	1	2	15	1
P	1	2	16	1
P	1	2	17	1
P	1	2	18	1
P	1	2	19	1
P	1	2	20	1
P	1	2	21	1
P	1	2	22	1
P	1	2	23	1
P	1	4	0	2
P	1	7	13	2
P	1	8	7	2
P	1	9	14	2
P	1	9	22	2
P	1	10	0	2
P	1	10	22	2
P	1	11	4	2
P	1	11	6	2
P	1	12	7	2
P	1	12	14	2
P	1	12	22	2
P	1	13	6	2
P	1	14	0	2
P	1	15	0	1
P	1	15	1	1
P	1	15	2	1
P	1	15	3	1
P	1	15	4	1
P	1	15	5	1
P	1	15	6	1
P	1	15	7	1
P	1	15	8	1
P	1	15	9	1
P	1	15	10	1
P	1	15	11	1
P	1	15	12	1
P	1	15	13	1
P	1	15	14	1
P	1	15	15	1
P	1	15	16	1
P	1	15	17	1
P	1	15	18	1
P	1	15	19	1
P	1	15	20	1
P	1	15	21	1
P	1	15	22	1
P	1	15	23	1
P	1	16	0	1
P	1	16	1	1
P	1	16	2	1
P	1	16	3	1
P	1	16	4	1
P	1	16	5	1
P	1	16	6	1
P	1	16	7	1
P	1	16	8	1
P	1	16	9	1
P	1	16	10	1
P	1	16	11	1
P	1	16	12	1
P	1	16	13	1
P	1	16	14	1
P	1	16	15	1
P	1	16	16	1
P	1	16	17	1
P	1	16	18	1
P	1	16	19	1
P	1	16	20	1
P	1	16	21	1
P	1	16	22	1
P	1	16	23	1
P	1	17	7	2
P	1	17	19	2
P	1	18	0	2
P	1	18	14	2
P	1	20	3	2
P	1	21	21	2
P	1	22	7	2
P	1	22	22	2
P	1	24	3	2
P	1	25	13	2
P	1	26	23	2
P	1	27	0	1
P	1	27	1	1
P	1	27	2	1
P	1	27	3	1
P	1	27	4	1
P	1	27	5	1
P	1	27	6	1
P	1	27	8	1
P	1	27	16	1
P	1	27	19	2
P	1	28	4	1
P	1	28	6	2
P	1	28	22	2
P	1	29	13	2
P	1	29	23	2
P	1	30	22	2
P	1	31	15	2
P	1	31	19	2
P	1	32	7	2
P	1	34	1	2
P	1	35	14	2
P	1	36	3	2
P	1	36	22	2
P	1	36	23	2
P	2	1	6	2
P	2	2	22	2
P	2	3	7	2
P	2	4	22	2
P	2	5	11	2
P	2	6	22	2
P	2	7	7	2
P	2	8	6	2
P	2	8	22	2
P	2	9	23	1
P	2	10	16	2
P	2	11	13	2
P	2	12	3	2
P	2	13	14	2
P	2	14	0	1
P	2	14	1	1
P	2	14	2	1
P	2	14	3	1
P	2	14	4	1
P	2	14	5	1
P	2	14	6	1
P	2	14	8	1
P	2	14	16	1
P	2	14	14	2
P	2	15	21	1
P	2	15	3	2
P	2	16	22	2
P	2	17	0	2
P	2	18	19	2
P	2	19	3	2
P	2	19	19	2
P	2	20	0	1
P	2	20	1	1
P	2	20	2	1
P	2	20	3	1
P	2	20	4	1
P	2	20	5	1
P	2	20	6	1
P	2	20	8	1
P	2	20	16	1
P	2	20	11	2
P	2	20	15	2
P	2	21	17	1
P	2	21	18	1
P	2	21	7	2
P	2	21	15	2
P	2	22	6	2
P	2	22	16	2
P	2	23	7	2
P	2	23	15	2
P	2	24	23	2
P	2	25	3	2
P	2	25	11	2
P	2	26	14	2
P	2	27	13	2
P	2	28	2	1
P	2	28	15	1
P	2	28	21	1
P	2	28	3	2
P	2	29	13	2
P	2	30	11	2
P	2	31	19	2
P	2	32	7	2
P	2	33	0	2
P	2	34	23	2
P	2	35	6	2
P	2	35	23	2
P	2	36	8	2
