region	layer	chamber	VFAT	reason_mask
N	1	30	1	2
N	2	3	4	2
N	2	8	5	2
P	1	7	13	1
P	1	7	14	1
P	1	7	15	1
P	1	14	9	1
P	1	14	10	1
P	1	14	11	1
P	1	14	13	1
P	1	14	14	1
P	1	14	15	1
P	1	14	17	1
P	1	14	18	1
P	1	14	19	1
P	1	14	20	1
P	1	14	21	1
P	1	14	22	1
P	1	26	0	1
P	1	26	1	1
P	1	26	2	1
P	1	26	3	1
P	1	26	4	1
P	1	26	5	1
P	1	26	6	1
P	1	26	7	1
P	1	26	8	1
P	1	26	16	1
P	1	27	0	2
P	1	27	1	2
P	1	27	2	2
P	1	27	3	2
P	1	27	4	2
P	1	27	5	2
P	1	27	6	2
P	1	27	7	2
P	1	27	8	2
P	1	27	16	2
P	1	28	4	2
P	2	7	4	2
P	2	21	17	2
P	2	12	18	1
P	2	26	22	2