region	layer	chamber	VFAT	reason_mask
N	1	9	0	1
N	1	9	1	1
N	1	9	2	1
N	1	9	3	1
N	1	9	4	1
N	1	9	5	1
N	1	9	6	1
N	1	9	7	1
N	1	9	8	1
N	1	9	9	1
N	1	9	10	1
N	1	9	11	1
N	1	9	12	1
N	1	9	13	1
N	1	9	14	1
N	1	9	15	1
N	1	9	16	1
N	1	9	17	1
N	1	9	18	1
N	1	9	19	1
N	1	9	20	1
N	1	9	21	1
N	1	9	22	1
N	1	9	23	1
N	1	20	1	1
N	1	20	4	1
N	1	20	5	1
N	1	20	6	1
N	1	20	8	1
N	1	20	9	1
N	1	20	10	1
N	1	20	15	1
N	1	20	16	1
N	1	20	18	1
N	1	20	23	2
N	1	27	12	2
N	1	27	14	2
N	1	29	0	1
N	1	29	1	1
N	1	29	2	1
N	1	29	3	1
N	1	29	4	1
N	1	29	5	1
N	1	29	6	1
N	1	29	7	1
N	1	29	8	1
N	1	29	9	1
N	1	29	10	1
N	1	29	11	1
N	1	29	12	1
N	1	29	13	1
N	1	29	14	1
N	1	29	15	1
N	1	29	16	1
N	1	29	17	1
N	1	29	18	1
N	1	29	19	1
N	1	29	20	1
N	1	29	21	1
N	1	29	22	1
N	1	29	23	1
N	1	30	1	2
N	1	31	2	1
N	1	31	7	1
N	1	31	8	1
N	1	31	10	1
N	1	31	20	1
N	1	36	0	1
N	1	36	1	1
N	1	36	2	1
N	1	36	3	1
N	1	36	4	1
N	1	36	5	1
N	1	36	6	1
N	1	36	7	1
N	1	36	8	1
N	1	36	9	1
N	1	36	10	1
N	1	36	11	1
N	1	36	12	1
N	1	36	13	1
N	1	36	14	1
N	1	36	15	1
N	1	36	16	1
N	1	36	17	1
N	1	36	18	1
N	1	36	19	1
N	1	36	20	1
N	1	36	21	1
N	1	36	22	1
N	1	36	23	1
N	2	1	0	1
N	2	1	1	1
N	2	1	2	1
N	2	1	3	1
N	2	1	4	1
N	2	1	5	1
N	2	1	6	1
N	2	1	7	1
N	2	1	8	1
N	2	1	9	1
N	2	1	10	1
N	2	1	11	1
N	2	1	12	1
N	2	1	13	1
N	2	1	14	1
N	2	1	15	1
N	2	1	16	1
N	2	1	17	1
N	2	1	18	1
N	2	1	19	1
N	2	1	20	1
N	2	1	21	1
N	2	1	22	1
N	2	1	23	1
N	2	3	4	2
N	2	8	5	2
N	2	14	0	1
N	2	14	1	1
N	2	14	2	1
N	2	14	3	1
N	2	14	4	1
N	2	14	5	1
N	2	14	6	1
N	2	14	8	1
N	2	14	9	1
N	2	14	10	1
N	2	14	11	1
N	2	14	16	1
N	2	14	17	1
N	2	14	18	1
N	2	14	19	1
N	2	14	20	1
N	2	14	21	1
N	2	14	22	1
N	2	20	6	2
N	2	20	12	1
N	2	20	13	2
N	2	24	1	2
N	2	24	2	2
N	2	24	3	2
N	2	24	5	2
N	2	24	7	2
N	2	24	16	2
N	2	24	19	2
N	2	24	20	2
N	2	24	21	2
N	2	24	22	2
N	2	29	0	1
N	2	29	1	1
N	2	29	2	1
N	2	29	3	1
N	2	29	4	1
N	2	29	5	1
N	2	29	6	1
N	2	29	7	1
N	2	29	8	1
N	2	29	9	1
N	2	29	10	1
N	2	29	11	1
N	2	29	12	1
N	2	29	13	1
N	2	29	14	1
N	2	29	15	1
N	2	29	16	1
N	2	29	17	1
N	2	29	18	1
N	2	29	19	1
N	2	29	20	1
N	2	29	21	1
N	2	29	22	1
N	2	29	23	1
N	2	31	0	1
N	2	31	1	1
N	2	31	2	1
N	2	31	3	1
N	2	31	4	1
N	2	31	5	1
N	2	31	6	1
N	2	31	7	1
N	2	31	8	1
N	2	31	9	1
N	2	31	10	1
N	2	31	12	1
N	2	31	13	1
N	2	31	14	1
N	2	31	15	1
N	2	31	16	1
N	2	31	17	1
N	2	31	19	1
N	2	31	20	1
N	2	31	21	1
N	2	31	22	1
N	2	31	23	1
P	1	7	7	1
P	1	7	12	1
P	1	7	13	1
P	1	7	14	1
P	1	7	15	1
P	1	7	23	1
P	1	13	0	1
P	1	13	1	1
P	1	13	2	1
P	1	13	3	1
P	1	13	4	1
P	1	13	5	1
P	1	13	6	1
P	1	13	7	1
P	1	13	8	1
P	1	13	9	1
P	1	13	10	1
P	1	13	11	1
P	1	13	12	1
P	1	13	13	1
P	1	13	14	1
P	1	13	15	1
P	1	13	16	1
P	1	13	17	1
P	1	13	18	1
P	1	13	19	1
P	1	13	20	1
P	1	13	21	1
P	1	13	22	1
P	1	13	23	1
P	1	14	0	1
P	1	14	1	1
P	1	14	2	1
P	1	14	3	1
P	1	14	4	1
P	1	14	5	1
P	1	14	6	1
P	1	14	7	1
P	1	14	8	1
P	1	14	9	1
P	1	14	10	1
P	1	14	11	1
P	1	14	12	1
P	1	14	13	1
P	1	14	14	1
P	1	14	15	1
P	1	14	16	1
P	1	14	17	1
P	1	14	18	1
P	1	14	19	1
P	1	14	20	1
P	1	14	21	1
P	1	14	22	1
P	1	14	23	1
P	1	23	0	1
P	1	23	1	1
P	1	23	2	1
P	1	23	3	1
P	1	23	4	1
P	1	23	5	1
P	1	23	6	1
P	1	23	7	1
P	1	23	8	1
P	1	23	9	1
P	1	23	10	1
P	1	23	11	1
P	1	23	12	1
P	1	23	13	1
P	1	23	14	1
P	1	23	15	1
P	1	23	16	1
P	1	23	17	1
P	1	23	18	1
P	1	23	19	1
P	1	23	20	1
P	1	23	21	1
P	1	23	22	1
P	1	23	23	1
P	1	26	0	1
P	1	26	1	1
P	1	26	2	1
P	1	26	3	1
P	1	26	4	1
P	1	26	5	1
P	1	26	6	1
P	1	26	7	1
P	1	26	8	1
P	1	26	16	1
P	1	28	4	2
P	2	7	4	2
P	2	11	2	1
P	2	21	17	2
P	2	24	9	1
P	2	24	10	1
P	2	24	11	1
P	2	24	14	2
P	2	24	17	1
P	2	24	18	1
P	2	24	19	1
P	2	24	20	1
P	2	24	21	1
P	2	24	22	1
P	2	26	22	2
P	2	27	1	1
P	2	27	2	1
P	2	27	3	1
P	2	27	4	1
P	2	27	5	1
P	2	27	16	1
P	2	28	15	2
