region	layer	chamber	VFAT	reason_mask
P	1	26	0	1
P	1	26	1	1
P	1	26	2	1
P	1	26	3	1
P	1	26	4	1
P	1	26	5	1
P	1	26	6	1
P	1	26	7	1
P	1	26	8	1
P	1	26	16	1
P	2	24	9	1
P	2	24	10	1
P	2	24	11	1
P	2	24	14	1
P	2	24	17	1
P	2	24	18	1
P	2	24	19	1
P	2	24	20	1
P	2	24	21	1
P	2	24	22	1
P	1	21	9	1
P	1	21	10	1
P	1	21	11	1
P	1	21	17	1
P	1	21	18	1
P	1	21	19	1
P	1	21	20	1
P	1	21	21	1
P	1	21	22	1
P	1	14	9	1
P	1	14	10	1
P	1	14	11	1
P	1	14	17	1
P	1	14	18	1
P	1	14	19	1
P	1	14	20	1
P	1	14	21	1
P	1	14	22	1
P	1	12	16	1
P	1	12	4	1
P	1	12	6	1
P	2	11	2	1
P	1	7	7	1
P	1	7	15	1
P	1	7	14	1
P	1	7	13	1
P	1	7	12	1
P	1	7	23	1
P	2	19	15	1
P	2	19	14	1
P	2	19	13	1
P	2	19	12	1
P	2	19	23	1